
[[-0.9265639   0.8651272 ]
 [-0.9265639   0.8651272 ]
 [-0.8833134   0.82708836]
 [-0.80349475  0.7506923 ]
 [-0.8833134   0.82708836]
 [-0.80349475  0.7506923 ]
 [-0.8833134   0.82708836]
 [-0.80349475  0.7506923 ]
 [-0.8833134   0.82708836]
 [-0.80349475  0.7506923 ]
 [-0.36045766  0.18521574]
 [-0.8833134   0.82708836]
 [-0.80349475  0.7506923 ]]
[[-0.8869318   0.83058816]
 [-0.930507    0.86895835]
 [-0.930507    0.86895835]
 [-0.80638516  0.7536319 ]
 [-0.80638516  0.7536319 ]
 [-0.80638516  0.7536319 ]
 [-0.5881462   0.4779314 ]
 [-0.8869318   0.83058816]
 [-0.80638516  0.7536319 ]
 [-0.80638516  0.7536319 ]
 [-0.80638516  0.7536319 ]
 [-0.80638516  0.7536319 ]
 [-0.80638516  0.7536319 ]]
[[-0.8908549   0.8343906 ]
 [-0.80983114  0.75723875]
 [-0.8908549   0.8343906 ]
 [-0.80983114  0.75723875]
 [-0.80983114  0.75723875]
 [-0.80983114  0.75723875]
 [-0.80983114  0.75723875]
 [-0.8694039   0.81610984]
 [-0.80983114  0.75723875]
 [-0.80983114  0.75723875]
 [-0.8908549   0.8343906 ]
 [-0.8908549   0.8343906 ]
 [-0.589701    0.47931126]]
[[-0.8129133   0.7603701 ]
 [-0.8945751   0.8379957 ]
 [-0.8945751   0.8379957 ]
 [-0.5909128   0.48025328]
 [-0.93874204  0.8769627 ]
 [-0.8945751   0.8379957 ]
 [-0.93874204  0.8769627 ]
 [-0.8729144   0.8194644 ]
 [-0.8945751   0.8379957 ]
 [-0.8129133   0.7603701 ]
 [-0.8129133   0.7603701 ]
 [-0.8945751   0.8379957 ]
 [-0.93874204  0.8769627 ]]
[[-0.89854246  0.8418506 ]
 [-0.8162289   0.76364344]
 [-0.8162289   0.76364344]
 [-0.8162289   0.76364344]
 [-0.89854246  0.8418506 ]
 [-0.89854246  0.8418506 ]
 [-0.89854246  0.8418506 ]
 [-0.8162289   0.76364344]
 [-0.35841775  0.17999016]
 [-0.8162289   0.76364344]
 [-0.8162289   0.76364344]
 [-0.89854246  0.8418506 ]
 [-0.89854246  0.8418506 ]]
[[-0.8191719   0.766445  ]
 [ 0.06723568 -0.43383265]
 [-0.9471624   0.8851653 ]
 [-0.8191719   0.766445  ]
 [-0.8191719   0.766445  ]
 [-0.8191719   0.766445  ]
 [-0.8191719   0.766445  ]
 [-0.9023552   0.84555626]
 [-0.59362733  0.48231465]
 [-0.9471624   0.8851653 ]
 [-0.8191719   0.766445  ]
 [-0.8191719   0.766445  ]
 [-0.8191719   0.766445  ]]
[[-0.90577555  0.8488563 ]
 [-0.8218744   0.7690782 ]
 [-0.90577555  0.8488563 ]
 [-0.8218744   0.7690782 ]
 [-0.9508021   0.8886885 ]
 [-0.8218744   0.7690782 ]
 [-0.90577555  0.8488563 ]
 [-0.8218744   0.7690782 ]
 [-0.8218744   0.7690782 ]
 [-0.90577555  0.8488563 ]
 [-0.883413    0.829495  ]
 [-0.8218744   0.7690782 ]
 [-0.8218744   0.7690782 ]]
[[-0.9541302   0.8919062 ]
 [-0.8244271   0.77160186]
 [-0.9089052   0.8518726 ]
 [-0.8244271   0.77160186]
 [-0.9089052   0.8518726 ]
 [-0.9541302   0.8919062 ]
 [-0.9089052   0.8518726 ]
 [-0.9089052   0.8518726 ]
 [-0.9541302   0.8919062 ]
 [-0.9089052   0.8518726 ]
 [-0.9541302   0.8919062 ]
 [-0.8244271   0.77160186]
 [-0.9541302   0.8919062 ]]
[[-0.7360436   0.65079707]
 [-0.95760816  0.8952695 ]
 [-0.91225547  0.855102  ]
 [-0.82742286  0.7746543 ]
 [ 0.07556629 -0.4471035 ]
 [-0.35662282  0.17504808]
 [ 0.07556629 -0.4471035 ]
 [-0.91225547  0.855102  ]
 [-0.95760816  0.8952695 ]
 [-0.82742286  0.7746543 ]
 [-0.82742286  0.7746543 ]
 [-0.82742286  0.7746543 ]
 [-0.95760816  0.8952695 ]]
[[-0.8303118   0.77752084]
 [-0.5980003   0.48550862]
 [-0.9612596   0.89878774]
 [-0.8303118   0.77752084]
 [-0.8303118   0.77752084]
 [-0.6580826   0.55722874]
 [-0.9612596   0.89878774]
 [-0.8303118   0.77752084]
 [-0.8303118   0.77752084]
 [-0.91572475  0.85843295]
 [-0.8303118   0.77752084]
 [-0.8303118   0.77752084]
 [-0.35605204  0.17354952]]
[[-0.9196579   0.86220837]
 [-0.60014373  0.48752284]
 [-0.8340283   0.7813971 ]
 [-0.44807044  0.28490457]
 [-0.8340283   0.7813971 ]
 [-0.35674247  0.17364196]
 [-0.8340283   0.7813971 ]
 [-0.8340283   0.7813971 ]
 [-0.96534514  0.902723  ]
 [-0.8340283   0.7813971 ]
 [-0.8340283   0.7813971 ]
 [-0.8340283   0.7813971 ]
 [-0.9196579   0.86220837]]
[[-0.83711636  0.7846637 ]
 [-0.9230132   0.86541027]
 [-0.1438416  -0.10883561]
 [-0.83711636  0.7846637 ]
 [-0.83711636  0.7846637 ]
 [-0.83711636  0.7846637 ]
 [-0.9001173   0.8454329 ]
 [-0.9230132   0.86541027]
 [-0.35650867  0.17269574]
 [-0.6015261   0.48875517]
 [-0.6015261   0.48875517]
 [-0.6625647   0.56157327]
 [-0.09766915 -0.18842609]]
[[-0.97131515  0.9084179 ]
 [-0.83822364  0.78556246]
 [-0.35297033  0.16772445]
 [-0.83822364  0.78556246]
 [-0.9253135   0.8675764 ]
 [-0.97131515  0.9084179 ]
 [-0.66187286  0.5603143 ]
 [-0.83822364  0.78556246]
 [-0.9253135   0.8675764 ]
 [ 0.08978678 -0.46956247]
 [-0.39473686  0.21792033]
 [-0.83822364  0.78556246]
 [-0.35297033  0.16772445]]
[[-0.9718009   0.9087991 ]
 [ 0.09705363 -0.4808351 ]
 [-0.1298923  -0.12752831]
 [-0.8363632   0.7831771 ]
 [-0.8363632   0.7831771 ]
 [-0.925493    0.86766136]
 [-0.925493    0.86766136]
 [-0.925493    0.86766136]
 [-0.1298923  -0.12752831]
 [-0.9718009   0.9087991 ]
 [-0.8363632   0.7831771 ]
 [-0.8363632   0.7831771 ]
 [-0.8363632   0.7831771 ]]
[[-0.9249236   0.8670129 ]
 [-0.9249236   0.8670129 ]
 [-0.83345926  0.77946395]
 [-0.83345926  0.77946395]
 [-0.83345926  0.77946395]
 [-0.83345926  0.77946395]
 [-0.83345926  0.77946395]
 [-0.9249236   0.8670129 ]
 [-0.97150856  0.9084161 ]
 [-0.9249236   0.8670129 ]
 [-0.83345926  0.77946395]
 [-0.33694443  0.14705397]
 [-0.4311001   0.26159033]]
[[-0.8303849   0.77558917]
 [-0.92417216  0.86619776]
 [-0.32793313  0.13555963]
 [-0.58369625  0.46641   ]
 [-0.8303849   0.77558917]
 [ 0.11363466 -0.5049746 ]
 [-0.8303849   0.77558917]
 [-0.8303849   0.77558917]
 [-0.97107655  0.90790665]
 [-0.8303849   0.77558917]
 [-0.8303849   0.77558917]
 [-0.8303849   0.77558917]
 [-0.8303849   0.77558917]]
[[-0.82790816  0.77253217]
 [-0.82790816  0.77253217]
 [-0.82790816  0.77253217]
 [-0.82790816  0.77253217]
 [-0.9236112   0.8655791 ]
 [-0.82790816  0.77253217]
 [-0.9236112   0.8655791 ]
 [-0.9236112   0.8655791 ]
 [-0.82790816  0.77253217]
 [-0.9707939   0.9075562 ]
 [-0.82790816  0.77253217]
 [-0.82790816  0.77253217]
 [-0.9236112   0.8655791 ]]
[[-0.8272455   0.7716081 ]
 [-0.92427325  0.8661647 ]
 [-0.9716686   0.9083519 ]
 [-0.8272455   0.7716081 ]
 [-0.8272455   0.7716081 ]
 [-0.8272455   0.7716081 ]
 [-0.8272455   0.7716081 ]
 [-0.7253088   0.63482165]
 [-0.92427325  0.8661647 ]
 [-0.9716686   0.9083519 ]
 [-0.8272455   0.7716081 ]
 [-0.8272455   0.7716081 ]
 [-0.92427325  0.8661647 ]]
[[-0.92549485  0.8673047 ]
 [-0.92549485  0.8673047 ]
 [-0.92549485  0.8673047 ]
 [-0.97308844  0.90969086]
 [-0.97308844  0.90969086]
 [-0.8273701   0.7715734 ]
 [-0.92549485  0.8673047 ]
 [-0.92549485  0.8673047 ]
 [-0.97308844  0.90969086]
 [-0.5728273   0.45246813]
 [-0.5728273   0.45246813]
 [-0.8273701   0.7715734 ]
 [-0.8273701   0.7715734 ]]
[[-0.82900333  0.7732647 ]
 [-0.97555983  0.9120713 ]
 [-0.92779875  0.8695106 ]
 [-0.82900333  0.7732647 ]
 [-0.82900333  0.7732647 ]
 [-0.82900333  0.7732647 ]
 [-0.82900333  0.7732647 ]
 [-0.97555983  0.9120713 ]
 [-0.92779875  0.8695106 ]
 [-0.97555983  0.9120713 ]
 [-0.82900333  0.7732647 ]
 [-0.82900333  0.7732647 ]
 [-0.82900333  0.7732647 ]]
[[-0.93102616  0.87262726]
 [-0.9789232   0.91533655]
 [-0.93102616  0.87262726]
 [-0.8320327   0.77661175]
 [-0.8320327   0.77661175]
 [-0.72715867  0.63625205]
 [-0.57343733  0.4522129 ]
 [-0.93102616  0.87262726]
 [-0.9789232   0.91533655]
 [-0.9789232   0.91533655]
 [-0.93102616  0.87262726]
 [-0.8320327   0.77661175]
 [-0.8320327   0.77661175]]
[[-0.93512434  0.87660205]
 [-0.8363141   0.7814064 ]
 [-0.9831265   0.91943425]
 [-0.5759464   0.45474452]
 [-0.8363141   0.7814064 ]
 [-0.8363141   0.7814064 ]
 [-0.93512434  0.87660205]
 [-0.8363141   0.7814064 ]
 [-0.8363141   0.7814064 ]
 [-0.93512434  0.87660205]
 [-0.8363141   0.7814064 ]
 [-0.8363141   0.7814064 ]
 [-0.90779924  0.85264516]]
[[-0.84096587  0.78661555]
 [-0.5788295   0.4576942 ]
 [-0.84096587  0.78661555]
 [-0.84096587  0.78661555]
 [-0.9876226   0.9238226 ]
 [-0.9876226   0.9238226 ]
 [-0.9876226   0.9238226 ]
 [-0.84096587  0.78661555]
 [-0.84096587  0.78661555]
 [-0.93952143  0.88087213]
 [-0.9876226   0.9238226 ]
 [-0.93952143  0.88087213]
 [-0.7348629   0.64473075]]
[[ 0.14289063 -0.5523457 ]
 [-0.84587425  0.79209566]
 [-0.84587425  0.79209566]
 [-0.84587425  0.79209566]
 [-0.84587425  0.79209566]
 [-0.84587425  0.79209566]
 [-0.84587425  0.79209566]
 [-0.58197135  0.46091795]
 [-0.40864414  0.22936612]]
[[-0.07206768 -0.2061137 ]
 [-0.30637962  0.10414574]
 [-0.30637962  0.10414574]
 [-0.40734076  0.2270152 ]
 [-0.995789    0.93178153]
 [-0.5821901   0.46045944]
 [-0.8482047   0.7944536 ]
 [-0.94726056  0.888384  ]
 [-0.94726056  0.888384  ]
 [-0.94726056  0.888384  ]
 [-0.8482047   0.7944536 ]
 [-0.8482047   0.7944536 ]
 [-0.94726056  0.888384  ]]
[[-0.8482047   0.7944536 ]
 [-0.8482047   0.7944536 ]
 [-0.8482047   0.7944536 ]
 [-0.94726056  0.888384  ]
 [-0.8482047   0.7944536 ]
 [-0.8482047   0.7944536 ]
 [-0.8482047   0.7944536 ]
 [-0.94726056  0.888384  ]
 [-0.94726056  0.888384  ]
 [-0.8482047   0.7944536 ]
 [-0.94726056  0.888384  ]
 [-0.995789    0.93178153]
 [-0.8482047   0.7944536 ]]
[[-0.94726056  0.888384  ]
 [-0.995789    0.93178153]
 [-0.8482047   0.7944536 ]
 [-0.995789    0.93178153]
 [-0.995789    0.93178153]
 [-0.9196792   0.86399215]
 [-0.8482047   0.7944536 ]
 [-0.8482047   0.7944536 ]
 [-0.8482047   0.7944536 ]
 [-0.995789    0.93178153]
 [-0.8482047   0.7944536 ]
 [-0.8482047   0.7944536 ]]
[[-0.07206768 -0.2061137 ]
 [-0.07206768 -0.2061137 ]
 [ 0.13021097 -0.5267645 ]
 [-0.5821901   0.46045944]
 [-0.94726056  0.888384  ]
 [-0.8482047   0.7944536 ]
 [-0.8482047   0.7944536 ]
 [-0.8482047   0.7944536 ]
 [-0.94726056  0.888384  ]
 [-0.8482047   0.7944536 ]
 [-0.8482047   0.7944536 ]
 [-0.8482047   0.7944536 ]
 [-0.8482047   0.7944536 ]]
[[-0.94726056  0.888384  ]
 [-0.94726056  0.888384  ]
 [-0.94726056  0.888384  ]
 [-0.94726056  0.888384  ]
 [-0.8482047   0.7944536 ]
 [-0.94726056  0.888384  ]
 [-0.8482047   0.7944536 ]
 [-0.94726056  0.888384  ]
 [-0.94726056  0.888384  ]
 [-0.8482047   0.7944536 ]
 [-0.8482047   0.7944536 ]
 [-0.8482047   0.7944536 ]
 [-0.8482047   0.7944536 ]]
[[-0.94726056  0.888384  ]
 [-0.8482047   0.7944536 ]
 [-0.995789    0.93178153]
 [-0.94726056  0.888384  ]
 [-0.8482047   0.7944536 ]
 [-0.8482047   0.7944536 ]
 [-0.8482047   0.7944536 ]
 [-0.995789    0.93178153]
 [-0.995789    0.93178153]
 [-0.8482047   0.7944536 ]
 [-0.8482047   0.7944536 ]
 [-0.995789    0.93178153]]